"","A","S","T","L","B","E","X","D"
"A",1,0.0213621731816317,0.0382555347867555,0.0108386465599411,0.024497570069647,0.0242102363378759,0.0222226019705354,0.0230951599280461
"S",0.0213621731816317,1,-0.000565353073102582,0.209459065293838,0.418370297572561,0.196954396269788,0.159707783554716,0.310925757602957
"T",0.0382555347867555,-0.000565353073102582,1,0.00945307625374094,0.0238552001446919,0.333311519038403,0.262939256889191,0.0614418335013176
"L",0.0108386465599411,0.209459065293838,0.00945307625374094,1,0.0656895249081002,0.94034704280499,0.736737855635481,0.180604186196215
"B",0.024497570069647,0.418370297572561,0.0238552001446919,0.0656895249081002,1,0.0678188861144699,0.055335817219451,0.658889413872841
"E",0.0242102363378759,0.196954396269788,0.333311519038403,0.94034704280499,0.0678188861144699,1,0.784057662297632,0.189973734511319
"X",0.0222226019705354,0.159707783554716,0.262939256889191,0.736737855635481,0.055335817219451,0.784057662297632,1,0.155926228597189
"D",0.0230951599280461,0.310925757602957,0.0614418335013176,0.180604186196215,0.658889413872841,0.189973734511319,0.155926228597189,1
